191.04492
270.09198
225.47922
29.976261
111.36778
246.0177
91.748604
32.99589
225.13771
179.84467
216.28201
352.30496
74.3153
179.84947
274.95096
276.7564
174.22969
345.89838
98.54676
52.20171
335.49927
42.421154
1.9333148
298.59326
181.97383
22.128696
14.449833
89.9573
74.773315
247.55049
22.90673
348.24
101.59852
244.38322
65.745575
232.0678
325.84183
183.80414
270.4101
107.75245
191.62685
230.31842
325.70203
72.409836
88.757706
127.372955
6.8719053
17.851517
195.66063
84.88338
83.421745
358.94592
358.75076
300.98486
178.07295
241.43628
53.260838
334.7321
130.0792
211.74062
283.41766
247.13657
307.0412
95.04861
178.95534
64.845024
106.60588
308.06912
350.30536
333.9253
352.91003
149.07094
56.405224
200.6413
302.3544
240.39925
236.91847
101.76192
49.27104
287.43793
104.7614
208.86316
104.27302
303.0284
285.18234
129.24686
206.5528
67.64377
344.24194
340.51334
146.12129
53.15636
172.39308
146.48943
112.956726
251.82607
277.96237
29.127117
177.25896
122.175476
320.6853
254.15274
18.4813
149.70752
177.04916
67.659966
240.53845
162.95937
157.04965
316.50458
136.56593
264.1769
86.06846
77.272316
238.8328
308.93143
25.93046
246.75613
287.88574
20.290588
155.80103
151.2923
259.73007
290.69434
326.43552
